0.000000000000000000e+00
2.753066635131835938e+01
4.925220870971679688e+01
6.554075622558593750e+01
7.690838623046875000e+01
8.396590423583984375e+01
8.738030242919921875e+01
8.783309936523437500e+01
8.598994445800781250e+01
8.249388885498046875e+01
7.798699951171875000e+01
7.314783477783203125e+01
6.871094512939453125e+01
6.541562652587890625e+01
6.384513854980468750e+01
6.420913696289062500e+01
6.623873138427734375e+01
6.930718231201171875e+01
7.267411041259765625e+01
7.568360900878906250e+01
7.785863494873046875e+01
7.892218017578125000e+01
7.878330230712890625e+01
7.750767517089843750e+01
7.528006744384765625e+01
7.236405944824218750e+01
6.906607055664062500e+01
6.571221160888671875e+01
6.264027786254882812e+01
6.019678497314453125e+01
5.871554565429687500e+01
5.845795059204101562e+01
5.952780532836914062e+01
6.181392669677734375e+01
6.500729370117187500e+01
6.868167877197265625e+01
7.238703155517578125e+01
7.571768188476562500e+01
7.834934997558593750e+01
8.005312347412109375e+01
8.069701385498046875e+01
8.024109649658203125e+01
7.872978973388671875e+01
7.628268432617187500e+01
7.308491516113281250e+01
6.937766265869140625e+01
6.544860076904296875e+01
6.162036514282226562e+01
5.823231887817382812e+01
5.560824966430664062e+01
5.400545501708984375e+01
5.355582427978515625e+01
5.422751998901367188e+01
5.583496093750000000e+01
5.809350585937500000e+01
6.068704986572265625e+01
6.331960678100585938e+01
6.574340820312500000e+01
6.776873016357421875e+01
6.926398468017578125e+01
7.015148925781250000e+01
7.040157318115234375e+01
7.002622985839843750e+01
6.907270812988281250e+01
6.761688995361328125e+01
6.575660705566406250e+01
6.360460281372070312e+01
6.128114318847656250e+01
5.890607070922851562e+01
5.659049606323242188e+01
5.442836380004882812e+01
5.248899459838867188e+01
5.081171798706054688e+01
4.940383148193359375e+01
4.824301528930664062e+01
4.728357696533203125e+01
4.646527099609375000e+01
4.572275543212890625e+01
4.499375915527343750e+01
4.422501373291015625e+01
4.337564468383789062e+01
4.241827011108398438e+01
4.133846282958984375e+01
4.013314819335937500e+01
3.880833816528320312e+01
3.737677764892578125e+01
3.585565948486328125e+01
3.426464462280273438e+01
3.262433624267578125e+01
3.095526885986328125e+01
2.927737045288085938e+01
2.760984802246093750e+01
2.597139549255371094e+01
2.438059234619140625e+01
2.285626029968261719e+01
2.141758918762207031e+01
2.008390235900878906e+01
1.887388420104980469e+01
1.780410766601562500e+01
1.688712882995605469e+01
1.612927627563476562e+01
1.552879524230957031e+01
1.507496929168701172e+01
1.474864196777343750e+01
1.452415943145751953e+01
1.437221050262451172e+01
1.426281833648681641e+01
1.416784667968750000e+01
1.406272411346435547e+01
1.392736434936523438e+01
1.374645042419433594e+01
1.350932693481445312e+01
1.320964527130126953e+01
1.284493064880371094e+01
1.241615486145019531e+01
1.192731571197509766e+01
1.138508701324462891e+01
1.079853725433349609e+01
1.017888736724853516e+01
9.539329528808593750e+00
8.894852638244628906e+00
8.262061119079589844e+00
7.658874511718750000e+00
7.103980064392089844e+00
6.615775108337402344e+00
6.210669040679931641e+00
5.900693416595458984e+00
5.690942764282226562e+00
5.577897548675537109e+00
5.549662113189697266e+00
5.588291645050048828e+00
5.673225879669189453e+00
5.784482479095458984e+00
5.904803276062011719e+00
6.020652770996093750e+00
6.122403144836425781e+00
6.204056739807128906e+00
6.262778282165527344e+00
6.298365592956542969e+00
6.312727451324462891e+00
6.309373378753662109e+00
6.292928695678710938e+00
6.268641471862792969e+00
6.241919040679931641e+00
6.217865467071533203e+00
6.200870037078857422e+00
6.194263935089111328e+00
6.200092315673828125e+00
6.219009399414062500e+00
6.250321865081787109e+00
6.292160511016845703e+00
6.341742515563964844e+00
6.395683288574218750e+00
6.450317382812500000e+00
6.501989841461181641e+00
6.547299861907958984e+00
6.583285808563232422e+00
6.607545852661132812e+00
6.618324756622314453e+00
6.614537239074707031e+00
6.595774173736572266e+00
6.562267303466796875e+00
6.514844894409179688e+00
6.454862594604492188e+00
6.384124755859375000e+00
6.304792404174804688e+00
6.219281196594238281e+00
6.130154132843017578e+00
6.040016651153564453e+00
5.951394081115722656e+00
5.866628170013427734e+00
5.787779331207275391e+00
5.716545581817626953e+00
5.654198169708251953e+00
5.601552486419677734e+00
5.558965206146240234e+00
5.526364803314208984e+00
5.503304481506347656e+00
5.489039421081542969e+00
5.482611179351806641e+00
5.482938766479492188e+00
5.488900184631347656e+00
5.499402999877929688e+00
5.513442039489746094e+00
5.530132770538330078e+00
5.548736572265625000e+00
5.568661689758300781e+00
5.589457511901855469e+00
5.610796451568603516e+00
5.632449150085449219e+00
5.654258728027343750e+00
5.676112174987792969e+00
5.697913646697998047e+00
5.719564437866210938e+00
5.740944862365722656e+00
5.761905670166015625e+00
5.782259941101074219e+00
5.801786422729492188e+00
5.820232868194580078e+00
5.837327003479003906e+00
5.852791786193847656e+00
5.866354465484619141e+00
5.877761840820312500e+00
5.886797904968261719e+00
5.893290042877197266e+00
5.897122383117675781e+00
5.898242950439453125e+00
5.896665096282958984e+00
5.892470359802246094e+00
5.885804176330566406e+00
5.876873016357421875e+00
5.865934371948242188e+00
5.853289127349853516e+00
5.839270114898681641e+00
5.824233531951904297e+00
5.808542728424072266e+00
5.792559623718261719e+00
5.776633739471435547e+00
5.761086940765380859e+00
5.746214866638183594e+00
5.732273101806640625e+00
5.719475746154785156e+00
5.707992076873779297e+00
5.697944641113281250e+00
5.689414024353027344e+00
5.682439804077148438e+00
5.677022933959960938e+00
5.673131465911865234e+00
5.670707225799560547e+00
5.669668674468994141e+00
5.669918060302734375e+00
5.671343326568603516e+00
5.673825263977050781e+00
5.677237987518310547e+00
5.681455612182617188e+00
5.686352729797363281e+00
5.691805839538574219e+00
5.697694301605224609e+00
5.703901767730712891e+00
5.710317134857177734e+00
5.716834068298339844e+00
5.723351478576660156e+00
5.729772090911865234e+00
5.736005783081054688e+00
5.741970062255859375e+00
5.747584819793701172e+00
5.752781867980957031e+00
5.757498264312744141e+00
5.761682033538818359e+00
5.765287876129150391e+00
5.768282890319824219e+00
5.770643711090087891e+00
5.772357940673828125e+00
5.773425102233886719e+00
5.773857593536376953e+00
5.773675918579101562e+00
5.772912502288818359e+00
5.771607875823974609e+00
5.769811153411865234e+00
5.767577648162841797e+00
5.764969825744628906e+00
5.762055397033691406e+00
5.758903026580810547e+00
5.755582332611083984e+00
5.752162933349609375e+00
5.748710632324218750e+00
5.745289802551269531e+00
5.741958141326904297e+00
5.738771438598632812e+00
5.735776901245117188e+00
5.733015537261962891e+00
5.730523109436035156e+00
5.728324890136718750e+00
5.726441383361816406e+00
5.724886417388916016e+00
5.723663330078125000e+00
5.722773075103759766e+00
5.722209453582763672e+00
5.721960067749023438e+00
5.722010612487792969e+00
5.722341060638427734e+00
5.722929000854492188e+00
5.723746776580810547e+00
5.724767208099365234e+00
5.725961208343505859e+00
5.727298259735107422e+00
5.728747844696044922e+00
5.730278015136718750e+00
5.731858730316162109e+00
5.733461380004882812e+00
5.735059261322021484e+00
5.736625671386718750e+00
5.738138198852539062e+00
5.739573478698730469e+00
5.740911960601806641e+00
5.742138385772705078e+00
5.743236064910888672e+00
5.744194984436035156e+00
5.745006561279296875e+00
5.745666027069091797e+00
5.746170043945312500e+00
5.746519088745117188e+00
5.746714115142822266e+00
5.746762275695800781e+00
5.746669769287109375e+00
5.746446609497070312e+00
5.746102809906005859e+00
5.745650768280029297e+00
5.745104312896728516e+00
5.744477748870849609e+00
5.743785858154296875e+00
5.743046283721923828e+00
5.742272377014160156e+00
5.741481781005859375e+00
5.740687370300292969e+00
5.739903926849365234e+00
5.739144802093505859e+00
5.738420009613037109e+00
5.737740039825439453e+00
5.737116336822509766e+00
5.736554145812988281e+00
5.736061096191406250e+00
5.735640525817871094e+00
5.735295295715332031e+00
5.735027313232421875e+00
5.734835624694824219e+00
5.734719753265380859e+00
5.734676837921142578e+00
5.734702110290527344e+00
5.734791755676269531e+00
5.734939575195312500e+00
5.735140323638916016e+00
5.735386848449707031e+00
5.735673904418945312e+00
5.735992908477783203e+00
5.736338138580322266e+00
5.736701011657714844e+00
5.737075805664062500e+00
5.737454414367675781e+00
5.737831115722656250e+00
5.738199234008789062e+00
5.738552093505859375e+00
5.738885879516601562e+00
5.739195346832275391e+00
5.739476680755615234e+00
5.739727020263671875e+00
5.739944458007812500e+00
5.740126609802246094e+00
5.740273475646972656e+00
5.740384578704833984e+00
5.740459918975830078e+00
5.740500450134277344e+00
5.740506649017333984e+00
5.740480422973632812e+00
5.740422725677490234e+00
5.740336894989013672e+00
5.740226268768310547e+00
5.740093708038330078e+00
5.739943027496337891e+00
5.739778041839599609e+00
5.739603519439697266e+00
5.739421844482421875e+00
5.739237308502197266e+00
5.739052772521972656e+00
5.738871097564697266e+00
5.738695144653320312e+00
5.738527297973632812e+00
5.738370895385742188e+00
5.738227367401123047e+00
5.738098621368408203e+00
5.737986087799072266e+00
5.737890720367431641e+00
5.737813472747802734e+00
5.737753868103027344e+00
5.737712383270263672e+00
5.737688064575195312e+00
5.737680435180664062e+00
5.737689018249511719e+00
5.737712383270263672e+00
5.737749576568603516e+00
5.737798690795898438e+00
5.737858295440673828e+00
5.737927436828613281e+00
5.738003730773925781e+00
5.738086223602294922e+00
5.738172054290771484e+00
5.738259792327880859e+00
5.738348960876464844e+00
5.738436698913574219e+00
5.738522529602050781e+00
5.738604545593261719e+00
5.738681316375732422e+00
5.738752365112304688e+00
5.738817691802978516e+00
5.738875389099121094e+00
5.738925457000732422e+00
5.738967418670654297e+00
5.739000797271728516e+00
5.739024639129638672e+00
5.739039421081542969e+00
5.739046096801757812e+00
5.739045143127441406e+00
5.739036083221435547e+00
5.739020347595214844e+00
5.738998413085937500e+00
5.738971233367919922e+00
5.738938331604003906e+00
5.738901138305664062e+00
5.738860130310058594e+00
5.738817214965820312e+00
5.738772392272949219e+00
5.738726615905761719e+00
5.738682270050048828e+00
5.738638401031494141e+00
5.738597869873046875e+00
5.738560199737548828e+00
5.738525390625000000e+00
5.738493919372558594e+00
5.738465309143066406e+00
5.738440036773681641e+00
5.738418102264404297e+00
5.738400459289550781e+00
5.738386631011962891e+00
5.738378047943115234e+00
5.738373756408691406e+00
5.738373756408691406e+00
5.738378047943115234e+00
5.738385677337646484e+00
5.738396644592285156e+00
5.738409996032714844e+00
5.738426685333251953e+00
5.738444328308105469e+00
5.738463878631591797e+00
5.738483905792236328e+00
5.738503932952880859e+00
5.738524436950683594e+00
5.738545417785644531e+00
5.738565921783447266e+00
5.738586425781250000e+00
5.738605499267578125e+00
5.738623142242431641e+00
5.738640308380126953e+00
5.738655090332031250e+00
5.738668918609619141e+00
5.738679885864257812e+00
5.738688468933105469e+00
5.738696098327636719e+00
5.738701820373535156e+00
5.738706111907958984e+00
5.738708019256591797e+00
5.738708019256591797e+00
5.738706588745117188e+00
5.738703727722167969e+00
5.738698005676269531e+00
5.738690853118896484e+00
5.738682270050048828e+00
5.738672256469726562e+00
5.738661766052246094e+00
5.738650321960449219e+00
5.738638877868652344e+00
5.738627433776855469e+00
5.738616943359375000e+00
5.738606452941894531e+00
5.738595962524414062e+00
5.738585948944091797e+00
5.738576889038085938e+00
5.738570213317871094e+00
5.738564491271972656e+00
5.738559246063232422e+00
5.738555431365966797e+00
5.738552093505859375e+00
5.738549232482910156e+00
5.738546848297119141e+00
5.738544464111328125e+00
5.738543033599853516e+00
5.738542556762695312e+00
5.738543987274169922e+00
5.738546371459960938e+00
5.738549709320068359e+00
5.738553524017333984e+00
5.738557815551757812e+00
5.738562583923339844e+00
5.738569259643554688e+00
5.738575458526611328e+00
5.738581180572509766e+00
5.738586425781250000e+00
5.738592147827148438e+00
5.738596916198730469e+00
5.738602638244628906e+00
5.738607406616210938e+00
5.738611221313476562e+00
5.738615036010742188e+00
5.738618850708007812e+00
5.738623142242431641e+00
5.738627910614013672e+00
5.738631248474121094e+00
5.738634109497070312e+00
5.738635063171386719e+00
5.738634586334228516e+00
5.738632678985595703e+00
5.738630771636962891e+00
5.738629817962646484e+00
5.738626480102539062e+00
5.738624572753906250e+00
5.738621711730957031e+00
5.738618850708007812e+00
5.738615512847900391e+00
5.738611221313476562e+00
5.738606452941894531e+00
5.738602161407470703e+00
5.738597393035888672e+00
5.738593578338623047e+00
5.738591194152832031e+00
5.738589286804199219e+00
5.738588333129882812e+00
5.738588333129882812e+00
5.738589763641357422e+00
5.738591194152832031e+00
5.738593578338623047e+00
5.738595008850097656e+00
5.738596916198730469e+00
5.738597869873046875e+00
5.738598823547363281e+00
5.738598823547363281e+00
5.738598823547363281e+00
5.738598823547363281e+00
5.738598346710205078e+00
5.738596916198730469e+00
5.738594532012939453e+00
5.738592624664306641e+00
5.738592624664306641e+00
5.738593101501464844e+00
5.738594055175781250e+00
5.738595008850097656e+00
5.738596916198730469e+00
5.738597869873046875e+00
5.738599300384521484e+00
5.738599777221679688e+00
5.738599777221679688e+00
5.738598823547363281e+00
5.738597869873046875e+00
5.738597869873046875e+00
5.738596916198730469e+00
5.738596916198730469e+00
5.738596916198730469e+00
5.738596916198730469e+00
5.738595962524414062e+00
5.738595485687255859e+00
5.738594532012939453e+00
5.738594532012939453e+00
5.738594532012939453e+00
5.738593578338623047e+00
5.738593578338623047e+00
5.738593578338623047e+00
5.738593578338623047e+00
5.738592624664306641e+00
5.738592147827148438e+00
5.738592147827148438e+00
5.738592147827148438e+00
5.738592147827148438e+00
5.738591194152832031e+00
5.738591194152832031e+00
5.738591194152832031e+00
5.738592147827148438e+00
5.738593578338623047e+00
5.738594532012939453e+00
5.738596916198730469e+00
5.738598823547363281e+00
5.738600254058837891e+00
5.738601207733154297e+00
5.738600730895996094e+00
5.738599777221679688e+00
5.738598346710205078e+00
5.738595962524414062e+00
5.738594532012939453e+00
5.738594532012939453e+00
5.738594532012939453e+00
5.738595485687255859e+00
5.738596916198730469e+00
5.738597869873046875e+00
5.738598346710205078e+00
5.738598346710205078e+00
5.738597869873046875e+00
5.738597869873046875e+00
5.738596916198730469e+00
5.738596916198730469e+00
5.738596916198730469e+00
5.738596916198730469e+00
5.738597869873046875e+00
5.738597869873046875e+00
5.738598346710205078e+00
5.738597869873046875e+00
5.738596916198730469e+00
5.738596916198730469e+00
5.738596916198730469e+00
5.738597869873046875e+00
5.738598346710205078e+00
5.738600730895996094e+00
5.738603115081787109e+00
5.738604545593261719e+00
5.738605499267578125e+00
5.738605499267578125e+00
5.738605499267578125e+00
5.738604068756103516e+00
5.738603591918945312e+00
5.738603591918945312e+00
5.738603591918945312e+00
5.738603591918945312e+00
5.738603591918945312e+00
5.738603591918945312e+00
5.738603591918945312e+00
5.738603591918945312e+00
5.738603591918945312e+00
5.738603115081787109e+00
5.738602638244628906e+00
5.738602161407470703e+00
5.738602161407470703e+00
5.738603115081787109e+00
5.738603591918945312e+00
5.738603115081787109e+00
5.738602161407470703e+00
5.738602161407470703e+00
5.738602161407470703e+00
5.738603115081787109e+00
5.738604545593261719e+00
5.738604545593261719e+00
5.738604068756103516e+00
5.738603591918945312e+00
5.738603591918945312e+00
5.738603591918945312e+00
5.738603591918945312e+00
5.738603591918945312e+00
5.738603591918945312e+00
5.738604545593261719e+00
5.738605499267578125e+00
5.738605499267578125e+00
5.738605499267578125e+00
5.738605499267578125e+00
5.738605022430419922e+00
5.738604545593261719e+00
5.738604068756103516e+00
5.738603115081787109e+00
5.738602161407470703e+00
5.738602161407470703e+00
5.738602638244628906e+00
5.738602638244628906e+00
5.738602638244628906e+00
5.738602638244628906e+00
5.738602161407470703e+00
5.738601207733154297e+00
5.738601207733154297e+00
5.738599777221679688e+00
5.738598823547363281e+00
5.738598823547363281e+00
5.738597869873046875e+00
5.738597869873046875e+00
5.738597869873046875e+00
5.738597869873046875e+00
5.738597869873046875e+00
5.738597393035888672e+00
5.738596916198730469e+00
5.738596439361572266e+00
5.738596916198730469e+00
5.738597393035888672e+00
5.738597393035888672e+00
5.738597393035888672e+00
5.738597393035888672e+00
5.738597393035888672e+00
5.738597393035888672e+00
5.738597393035888672e+00
5.738597393035888672e+00
5.738596916198730469e+00
5.738595485687255859e+00
5.738594532012939453e+00
5.738594055175781250e+00
5.738593101501464844e+00
5.738592147827148438e+00
5.738591194152832031e+00
5.738590240478515625e+00
5.738588809967041016e+00
5.738588809967041016e+00
5.738587856292724609e+00
5.738588809967041016e+00
5.738589286804199219e+00
5.738590240478515625e+00
5.738591194152832031e+00
5.738591670989990234e+00
5.738591194152832031e+00
5.738591194152832031e+00
5.738591194152832031e+00
5.738591194152832031e+00
5.738591194152832031e+00
5.738591194152832031e+00
5.738591194152832031e+00
5.738591194152832031e+00
5.738591194152832031e+00
5.738591194152832031e+00
5.738591194152832031e+00
5.738590240478515625e+00
5.738588809967041016e+00
5.738588809967041016e+00
5.738588809967041016e+00
5.738588809967041016e+00
5.738590240478515625e+00
5.738591194152832031e+00
5.738591194152832031e+00
5.738591670989990234e+00
5.738593578338623047e+00
5.738594532012939453e+00
5.738596439361572266e+00
5.738598346710205078e+00
5.738600730895996094e+00
5.738602638244628906e+00
5.738603115081787109e+00
5.738603591918945312e+00
5.738603115081787109e+00
5.738602161407470703e+00
5.738601684570312500e+00
5.738601684570312500e+00
5.738601684570312500e+00
5.738601207733154297e+00
5.738601207733154297e+00
5.738601207733154297e+00
5.738599777221679688e+00
5.738599777221679688e+00
5.738598823547363281e+00
5.738599300384521484e+00
5.738600254058837891e+00
5.738601207733154297e+00
5.738601684570312500e+00
5.738602161407470703e+00
5.738602161407470703e+00
5.738602638244628906e+00
5.738602638244628906e+00
5.738602638244628906e+00
5.738602638244628906e+00
5.738602161407470703e+00
5.738601207733154297e+00
5.738601207733154297e+00
5.738600730895996094e+00
5.738601207733154297e+00
5.738601207733154297e+00
5.738601207733154297e+00
5.738601207733154297e+00
5.738600730895996094e+00
5.738599777221679688e+00
5.738599777221679688e+00
5.738599300384521484e+00
5.738599777221679688e+00
5.738600254058837891e+00
5.738601207733154297e+00
5.738601684570312500e+00
5.738602638244628906e+00
5.738603115081787109e+00
5.738603591918945312e+00
5.738604545593261719e+00
5.738603591918945312e+00
5.738603591918945312e+00
5.738603591918945312e+00
5.738603591918945312e+00
5.738603591918945312e+00
5.738603591918945312e+00
5.738603591918945312e+00
5.738603591918945312e+00
5.738603591918945312e+00
5.738603115081787109e+00
5.738603115081787109e+00
5.738602161407470703e+00
5.738602161407470703e+00
5.738601207733154297e+00
5.738601207733154297e+00
5.738601207733154297e+00
5.738601207733154297e+00
5.738601207733154297e+00
5.738601207733154297e+00
5.738599777221679688e+00
5.738598823547363281e+00
5.738597869873046875e+00
5.738597393035888672e+00
5.738596916198730469e+00
5.738596439361572266e+00
5.738595485687255859e+00
5.738595485687255859e+00
5.738594532012939453e+00
5.738594532012939453e+00
5.738595962524414062e+00
5.738596916198730469e+00
5.738597869873046875e+00
5.738598346710205078e+00
5.738598346710205078e+00
5.738598823547363281e+00
5.738598823547363281e+00
5.738598823547363281e+00
5.738598823547363281e+00
5.738597869873046875e+00
5.738597869873046875e+00
5.738598346710205078e+00
5.738598346710205078e+00
5.738598346710205078e+00
5.738598346710205078e+00
5.738598346710205078e+00
5.738598823547363281e+00
5.738599300384521484e+00
5.738599777221679688e+00
5.738599777221679688e+00
5.738599777221679688e+00
5.738599777221679688e+00
5.738598823547363281e+00
5.738598823547363281e+00
5.738597869873046875e+00
5.738597393035888672e+00
5.738596439361572266e+00
5.738595485687255859e+00
5.738594532012939453e+00
5.738593578338623047e+00
5.738592147827148438e+00
5.738592147827148438e+00
5.738592624664306641e+00
5.738592147827148438e+00
5.738592147827148438e+00
5.738592147827148438e+00
5.738593578338623047e+00
5.738593578338623047e+00
5.738594532012939453e+00
5.738594055175781250e+00
5.738594055175781250e+00
5.738594055175781250e+00
5.738594055175781250e+00
5.738594055175781250e+00
5.738594055175781250e+00
5.738594055175781250e+00
5.738594055175781250e+00
5.738593101501464844e+00
5.738592147827148438e+00
5.738591194152832031e+00
5.738591194152832031e+00
5.738591670989990234e+00
5.738592624664306641e+00
5.738593578338623047e+00
5.738594532012939453e+00
5.738594055175781250e+00
5.738594055175781250e+00
5.738594055175781250e+00
5.738594055175781250e+00
5.738594532012939453e+00
5.738594055175781250e+00
5.738593578338623047e+00
5.738593578338623047e+00
5.738593578338623047e+00
5.738594532012939453e+00
5.738594532012939453e+00
5.738595485687255859e+00
5.738596916198730469e+00
5.738597869873046875e+00
5.738599777221679688e+00
5.738601207733154297e+00
5.738602638244628906e+00
5.738603115081787109e+00
5.738603591918945312e+00
5.738604545593261719e+00
5.738605499267578125e+00
5.738605976104736328e+00
5.738606452941894531e+00
5.738606929779052734e+00
5.738606452941894531e+00
5.738605499267578125e+00
5.738605499267578125e+00
5.738605499267578125e+00
5.738605976104736328e+00
5.738605499267578125e+00
5.738605499267578125e+00
5.738605499267578125e+00
5.738605976104736328e+00
5.738605976104736328e+00
5.738605976104736328e+00
5.738605499267578125e+00
5.738605499267578125e+00
5.738605499267578125e+00
5.738606452941894531e+00
5.738608837127685547e+00
5.738611221313476562e+00
5.738612651824951172e+00
5.738613128662109375e+00
5.738612651824951172e+00
5.738611698150634766e+00
5.738610744476318359e+00
5.738610267639160156e+00
5.738609790802001953e+00
5.738609313964843750e+00
5.738609313964843750e+00
5.738608837127685547e+00
5.738608360290527344e+00
5.738607883453369141e+00
5.738606452941894531e+00
5.738605499267578125e+00
5.738605022430419922e+00
5.738604068756103516e+00
5.738602161407470703e+00
5.738601207733154297e+00
5.738599777221679688e+00
5.738598823547363281e+00
5.738598823547363281e+00
5.738599300384521484e+00
5.738599777221679688e+00
5.738600254058837891e+00
5.738601207733154297e+00
5.738602161407470703e+00
5.738603115081787109e+00
5.738603591918945312e+00
5.738603115081787109e+00
5.738602161407470703e+00
5.738602161407470703e+00
5.738602161407470703e+00
5.738602638244628906e+00
5.738602638244628906e+00
5.738602638244628906e+00
5.738602638244628906e+00
5.738603115081787109e+00
5.738604545593261719e+00
5.738605499267578125e+00
5.738607883453369141e+00
5.738609313964843750e+00
5.738610267639160156e+00
5.738610267639160156e+00
5.738608837127685547e+00
5.738608837127685547e+00
5.738608360290527344e+00
5.738607883453369141e+00
5.738607406616210938e+00
5.738606452941894531e+00
5.738606452941894531e+00
5.738605499267578125e+00
5.738605499267578125e+00
5.738605022430419922e+00
5.738605499267578125e+00
5.738605976104736328e+00
5.738605976104736328e+00
5.738605976104736328e+00
5.738606929779052734e+00
5.738607883453369141e+00
5.738607883453369141e+00
5.738607406616210938e+00
5.738606929779052734e+00
5.738606929779052734e+00
5.738606929779052734e+00
5.738606452941894531e+00
5.738605499267578125e+00
5.738605499267578125e+00
5.738605499267578125e+00
5.738605499267578125e+00
5.738605976104736328e+00
5.738605499267578125e+00
5.738605499267578125e+00
5.738605499267578125e+00
5.738605499267578125e+00
5.738605022430419922e+00
5.738604068756103516e+00
5.738603115081787109e+00
5.738603115081787109e+00
5.738602161407470703e+00
5.738602161407470703e+00
5.738601207733154297e+00
5.738600730895996094e+00
5.738599777221679688e+00
5.738597869873046875e+00
5.738596916198730469e+00
5.738595485687255859e+00
5.738594532012939453e+00
5.738594055175781250e+00
5.738593101501464844e+00
5.738592147827148438e+00
5.738591194152832031e+00
5.738591194152832031e+00
5.738591194152832031e+00
5.738591194152832031e+00
5.738592147827148438e+00
5.738592147827148438e+00
5.738592147827148438e+00
5.738592147827148438e+00
5.738592147827148438e+00
5.738593578338623047e+00
5.738593578338623047e+00
5.738593578338623047e+00
5.738593578338623047e+00
5.738594532012939453e+00
5.738595008850097656e+00
5.738596916198730469e+00
5.738597869873046875e+00
5.738598823547363281e+00
5.738598823547363281e+00
5.738598823547363281e+00
5.738598823547363281e+00
5.738598823547363281e+00
5.738598823547363281e+00
5.738598823547363281e+00
5.738598823547363281e+00
5.738598823547363281e+00
5.738598823547363281e+00
5.738598823547363281e+00
5.738598823547363281e+00
