0.000000000000000000e+00
1.040302868932485580e-02
1.838344186544418335e-01
1.185375332832336426e+00
4.348320007324218750e+00
1.149156761169433594e+01
2.449776649475097656e+01
4.480013656616210938e+01
7.293913269042968750e+01
1.083205184936523438e+02
1.492398223876953125e+02
1.931511993408203125e+02
2.370864410400390625e+02
2.781063232421875000e+02
3.136832885742187500e+02
3.419619140625000000e+02
3.618919677734375000e+02
3.732582397460937500e+02
3.766429443359375000e+02
3.733466186523437500e+02
3.652768554687500000e+02
3.547988281250000000e+02
3.445342102050781250e+02
3.371048889160156250e+02
3.348361206054687500e+02
3.394620666503906250e+02
3.518928222656250000e+02
3.721011962890625000e+02
3.991608886718750000e+02
4.314273376464843750e+02
4.668161926269531250e+02
5.031127014160156250e+02
5.382496948242187500e+02
5.705137329101562500e+02
5.986637573242187500e+02
6.219706420898437500e+02
6.401986694335937500e+02
6.535513305664062500e+02
6.626009521484375000e+02
6.682121582031250000e+02
6.714621582031250000e+02
6.735579223632812500e+02
6.757461547851562500e+02
6.792180786132812500e+02
6.850147094726562500e+02
6.939418945312500000e+02
7.065075073242187500e+02
7.228930664062500000e+02
7.429631958007812500e+02
7.663126831054687500e+02
7.923400878906250000e+02
8.203362426757812500e+02
8.495700073242187500e+02
8.793616333007812500e+02
9.091337890625000000e+02
9.384400024414062500e+02
9.669711303710937500e+02
9.945468139648437500e+02
1.021095642089843750e+03
1.046630859375000000e+03
1.071227050781250000e+03
1.094997802734375000e+03
1.118078979492187500e+03
1.140616455078125000e+03
1.162756835937500000e+03
1.184642211914062500e+03
1.206406982421875000e+03
1.228175292968750000e+03
1.250060791015625000e+03
1.272163452148437500e+03
1.294569091796875000e+03
1.317346679687500000e+03
1.340546020507812500e+03
1.364196289062500000e+03
1.388303833007812500e+03
1.412850830078125000e+03
1.437795654296875000e+03
1.463072631835937500e+03
1.488595214843750000e+03
1.514257324218750000e+03
1.539938232421875000e+03
1.565505737304687500e+03
1.590821533203125000e+03
1.615744384765625000e+03
1.640135498046875000e+03
1.663860107421875000e+03
1.686790893554687500e+03
1.708809204101562500e+03
1.729805175781250000e+03
1.749677856445312500e+03
1.768335327148437500e+03
1.785693481445312500e+03
1.801675903320312500e+03
1.816214477539062500e+03
1.829249755859375000e+03
1.840732421875000000e+03
1.850624633789062500e+03
1.858902465820312500e+03
1.865557495117187500e+03
1.870598632812500000e+03
1.874053222656250000e+03
1.875967773437500000e+03
1.876407592773437500e+03
1.875456542968750000e+03
1.873215087890625000e+03
1.869798095703125000e+03
1.865333007812500000e+03
1.859957153320312500e+03
1.853814331054687500e+03
1.847052612304687500e+03
1.839821533203125000e+03
1.832270019531250000e+03
1.824542724609375000e+03
1.816779418945312500e+03
1.809112304687500000e+03
1.801664306640625000e+03
1.794548339843750000e+03
1.787865478515625000e+03
1.781703613281250000e+03
1.776137817382812500e+03
1.771229125976562500e+03
1.767023925781250000e+03
1.763554809570312500e+03
1.760840209960937500e+03
1.758884887695312500e+03
1.757680664062500000e+03
1.757207275390625000e+03
1.757433105468750000e+03
1.758316894531250000e+03
1.759808105468750000e+03
1.761848999023437500e+03
1.764375976562500000e+03
1.767320434570312500e+03
1.770610351562500000e+03
1.774172363281250000e+03
1.777932250976562500e+03
1.781816284179687500e+03
1.785753051757812500e+03
1.789674316406250000e+03
1.793515380859375000e+03
1.797216918945312500e+03
1.800725097656250000e+03
1.803992553710937500e+03
1.806978515625000000e+03
1.809649169921875000e+03
1.811978271484375000e+03
1.813946777343750000e+03
1.815542480468750000e+03
1.816760864257812500e+03
1.817603515625000000e+03
1.818078002929687500e+03
1.818198242187500000e+03
1.817983276367187500e+03
1.817456420898437500e+03
1.816644653320312500e+03
1.815578613281250000e+03
1.814291015625000000e+03
1.812817016601562500e+03
1.811192138671875000e+03
1.809452880859375000e+03
1.807635131835937500e+03
1.805774536132812500e+03
1.803905273437500000e+03
1.802059326171875000e+03
1.800266601562500000e+03
1.798554565429687500e+03
1.796947875976562500e+03
1.795467407226562500e+03
1.794131225585937500e+03
1.792953735351562500e+03
1.791945800781250000e+03
1.791114624023437500e+03
1.790464111328125000e+03
1.789995361328125000e+03
1.789705322265625000e+03
1.789589111328125000e+03
1.789638549804687500e+03
1.789843261718750000e+03
1.790190917968750000e+03
1.790667236328125000e+03
1.791257080078125000e+03
1.791943969726562500e+03
1.792710327148437500e+03
1.793538940429687500e+03
1.794411743164062500e+03
1.795312011718750000e+03
1.796222412109375000e+03
1.797127319335937500e+03
1.798011596679687500e+03
1.798861206054687500e+03
1.799663818359375000e+03
1.800408935546875000e+03
1.801086914062500000e+03
1.801690185546875000e+03
1.802212890625000000e+03
1.802650634765625000e+03
1.803001342773437500e+03
1.803263671875000000e+03
1.803438476562500000e+03
1.803528076171875000e+03
1.803535522460937500e+03
1.803465576171875000e+03
1.803323852539062500e+03
1.803117065429687500e+03
1.802852539062500000e+03
1.802537963867187500e+03
1.802181274414062500e+03
1.801791625976562500e+03
1.801376953125000000e+03
1.800945800781250000e+03
1.800506713867187500e+03
1.800067382812500000e+03
1.799635375976562500e+03
1.799217529296875000e+03
1.798820068359375000e+03
1.798448730468750000e+03
1.798108032226562500e+03
1.797802246093750000e+03
1.797534423828125000e+03
1.797306884765625000e+03
1.797121337890625000e+03
1.796978149414062500e+03
1.796877563476562500e+03
1.796818969726562500e+03
1.796800537109375000e+03
1.796820678710937500e+03
1.796876586914062500e+03
1.796965332031250000e+03
1.797083496093750000e+03
1.797227294921875000e+03
1.797392944335937500e+03
1.797576416015625000e+03
1.797773315429687500e+03
1.797979858398437500e+03
1.798191650390625000e+03
1.798404907226562500e+03
1.798616210937500000e+03
1.798821655273437500e+03
1.799018188476562500e+03
1.799203369140625000e+03
1.799374267578125000e+03
1.799528930664062500e+03
1.799665893554687500e+03
1.799783691406250000e+03
1.799881469726562500e+03
1.799958740234375000e+03
1.800015258789062500e+03
1.800051391601562500e+03
1.800067504882812500e+03
1.800064697265625000e+03
1.800044189453125000e+03
1.800007202148437500e+03
1.799955200195312500e+03
1.799890014648437500e+03
1.799813720703125000e+03
1.799728027343750000e+03
1.799635009765625000e+03
1.799536621093750000e+03
1.799434814453125000e+03
1.799331420898437500e+03
1.799228515625000000e+03
1.799127807617187500e+03
1.799030883789062500e+03
1.798938842773437500e+03
1.798853393554687500e+03
1.798775268554687500e+03
1.798705566406250000e+03
1.798644897460937500e+03
1.798593872070312500e+03
1.798552734375000000e+03
1.798521484375000000e+03
1.798500244140625000e+03
1.798488647460937500e+03
1.798486694335937500e+03
1.798493530273437500e+03
1.798508544921875000e+03
1.798531127929687500e+03
1.798560546875000000e+03
1.798595581054687500e+03
1.798635375976562500e+03
1.798679443359375000e+03
1.798726196289062500e+03
1.798775024414062500e+03
1.798824707031250000e+03
1.798874755859375000e+03
1.798924072265625000e+03
1.798971801757812500e+03
1.799017456054687500e+03
1.799060058593750000e+03
1.799099243164062500e+03
1.799134521484375000e+03
1.799165527343750000e+03
1.799192138671875000e+03
1.799213745117187500e+03
1.799230712890625000e+03
1.799242797851562500e+03
1.799250122070312500e+03
1.799252929687500000e+03
1.799251098632812500e+03
1.799245361328125000e+03
1.799235717773437500e+03
1.799222778320312500e+03
1.799206787109375000e+03
1.799188232421875000e+03
1.799167724609375000e+03
1.799145629882812500e+03
1.799122314453125000e+03
1.799098266601562500e+03
1.799074096679687500e+03
1.799050048828125000e+03
1.799026611328125000e+03
1.799004150390625000e+03
1.798982788085937500e+03
1.798963256835937500e+03
1.798945312500000000e+03
1.798929443359375000e+03
1.798915771484375000e+03
1.798904418945312500e+03
1.798895507812500000e+03
1.798888793945312500e+03
1.798884399414062500e+03
1.798882202148437500e+03
1.798882202148437500e+03
1.798884277343750000e+03
1.798888183593750000e+03
1.798893920898437500e+03
1.798901000976562500e+03
1.798909423828125000e+03
1.798919067382812500e+03
1.798929443359375000e+03
1.798940673828125000e+03
1.798952148437500000e+03
1.798963867187500000e+03
1.798975463867187500e+03
1.798987060546875000e+03
1.798998046875000000e+03
1.799008422851562500e+03
1.799018188476562500e+03
1.799027221679687500e+03
1.799035278320312500e+03
1.799042358398437500e+03
1.799048217773437500e+03
1.799053100585937500e+03
1.799056884765625000e+03
1.799059570312500000e+03
1.799061035156250000e+03
1.799061401367187500e+03
1.799060791015625000e+03
1.799059326171875000e+03
1.799056762695312500e+03
1.799053466796875000e+03
1.799049804687500000e+03
1.799045410156250000e+03
1.799040405273437500e+03
1.799035156250000000e+03
1.799029541015625000e+03
1.799024047851562500e+03
1.799018188476562500e+03
1.799012817382812500e+03
1.799007324218750000e+03
1.799002075195312500e+03
1.798997070312500000e+03
1.798992553710937500e+03
1.798988525390625000e+03
1.798984985351562500e+03
1.798981811523437500e+03
1.798979248046875000e+03
1.798977172851562500e+03
1.798975830078125000e+03
1.798974853515625000e+03
1.798974365234375000e+03
1.798974609375000000e+03
1.798975219726562500e+03
1.798976074218750000e+03
1.798977661132812500e+03
1.798979370117187500e+03
1.798981445312500000e+03
1.798983764648437500e+03
1.798986206054687500e+03
1.798988891601562500e+03
1.798991699218750000e+03
1.798994506835937500e+03
1.798997070312500000e+03
1.798999755859375000e+03
1.799002441406250000e+03
1.799004882812500000e+03
1.799007202148437500e+03
1.799009277343750000e+03
1.799011108398437500e+03
1.799012817382812500e+03
1.799014038085937500e+03
1.799015136718750000e+03
1.799015747070312500e+03
1.799016357421875000e+03
1.799016723632812500e+03
1.799016723632812500e+03
1.799016479492187500e+03
1.799016113281250000e+03
1.799015502929687500e+03
1.799014770507812500e+03
1.799013671875000000e+03
1.799012817382812500e+03
1.799011596679687500e+03
1.799010253906250000e+03
1.799008911132812500e+03
1.799007690429687500e+03
1.799006225585937500e+03
1.799005004882812500e+03
1.799003784179687500e+03
1.799002563476562500e+03
1.799001342773437500e+03
1.799000366210937500e+03
1.798999267578125000e+03
1.798998535156250000e+03
1.798997680664062500e+03
1.798997070312500000e+03
1.798996582031250000e+03
1.798996459960937500e+03
1.798996337890625000e+03
1.798996337890625000e+03
1.798996337890625000e+03
1.798996459960937500e+03
1.798996582031250000e+03
1.798996948242187500e+03
1.798997436523437500e+03
1.798997924804687500e+03
1.798998535156250000e+03
1.798999145507812500e+03
1.798999633789062500e+03
1.799000244140625000e+03
1.799000976562500000e+03
1.799001464843750000e+03
1.799002075195312500e+03
1.799002685546875000e+03
1.799003295898437500e+03
1.799003784179687500e+03
1.799004272460937500e+03
1.799004760742187500e+03
1.799005126953125000e+03
1.799005493164062500e+03
1.799005859375000000e+03
1.799005981445312500e+03
1.799005981445312500e+03
1.799006103515625000e+03
1.799006103515625000e+03
1.799006103515625000e+03
1.799005981445312500e+03
1.799005981445312500e+03
1.799005859375000000e+03
1.799005493164062500e+03
1.799005126953125000e+03
1.799004882812500000e+03
1.799004516601562500e+03
1.799004272460937500e+03
1.799003906250000000e+03
1.799003784179687500e+03
1.799003417968750000e+03
1.799003173828125000e+03
1.799002807617187500e+03
1.799002563476562500e+03
1.799002197265625000e+03
1.799001953125000000e+03
1.799001708984375000e+03
1.799001586914062500e+03
1.799001464843750000e+03
1.799001342773437500e+03
1.799001342773437500e+03
1.799001342773437500e+03
1.799001342773437500e+03
1.799001342773437500e+03
1.799001342773437500e+03
1.799001342773437500e+03
1.799001464843750000e+03
1.799001586914062500e+03
1.799001708984375000e+03
1.799001953125000000e+03
1.799002075195312500e+03
1.799002197265625000e+03
1.799002441406250000e+03
1.799002563476562500e+03
1.799002685546875000e+03
1.799002807617187500e+03
1.799003051757812500e+03
1.799003173828125000e+03
1.799003295898437500e+03
1.799003417968750000e+03
1.799003662109375000e+03
1.799003784179687500e+03
1.799003784179687500e+03
1.799003784179687500e+03
1.799003784179687500e+03
1.799003784179687500e+03
1.799003784179687500e+03
1.799003784179687500e+03
1.799003784179687500e+03
1.799003784179687500e+03
1.799003784179687500e+03
1.799003784179687500e+03
1.799003784179687500e+03
1.799003662109375000e+03
1.799003417968750000e+03
1.799003295898437500e+03
1.799003173828125000e+03
1.799003051757812500e+03
1.799002807617187500e+03
1.799002685546875000e+03
1.799002563476562500e+03
1.799002563476562500e+03
1.799002563476562500e+03
1.799002563476562500e+03
1.799002563476562500e+03
1.799002563476562500e+03
1.799002563476562500e+03
1.799002563476562500e+03
1.799002563476562500e+03
1.799002563476562500e+03
1.799002563476562500e+03
1.799002563476562500e+03
1.799002563476562500e+03
1.799002563476562500e+03
1.799002563476562500e+03
1.799002563476562500e+03
1.799002563476562500e+03
1.799002563476562500e+03
1.799002563476562500e+03
1.799002563476562500e+03
1.799002563476562500e+03
1.799002563476562500e+03
1.799002563476562500e+03
1.799002563476562500e+03
1.799002563476562500e+03
1.799002563476562500e+03
1.799002563476562500e+03
1.799002563476562500e+03
1.799002563476562500e+03
1.799002563476562500e+03
1.799002563476562500e+03
1.799002563476562500e+03
1.799002563476562500e+03
1.799002563476562500e+03
1.799002563476562500e+03
1.799002563476562500e+03
1.799002563476562500e+03
1.799002563476562500e+03
1.799002563476562500e+03
1.799002563476562500e+03
1.799002563476562500e+03
1.799002563476562500e+03
1.799002563476562500e+03
1.799002563476562500e+03
1.799002563476562500e+03
1.799002563476562500e+03
1.799002563476562500e+03
1.799002563476562500e+03
1.799002563476562500e+03
1.799002563476562500e+03
1.799002563476562500e+03
1.799002563476562500e+03
1.799002563476562500e+03
1.799002563476562500e+03
1.799002685546875000e+03
1.799002685546875000e+03
1.799002685546875000e+03
1.799002685546875000e+03
1.799002685546875000e+03
1.799002685546875000e+03
1.799002685546875000e+03
1.799002685546875000e+03
1.799002685546875000e+03
1.799002685546875000e+03
1.799002685546875000e+03
1.799002685546875000e+03
1.799002685546875000e+03
1.799002685546875000e+03
1.799002685546875000e+03
1.799002685546875000e+03
1.799002685546875000e+03
1.799002685546875000e+03
1.799002685546875000e+03
1.799002685546875000e+03
1.799002685546875000e+03
1.799002685546875000e+03
1.799002685546875000e+03
1.799002685546875000e+03
1.799002685546875000e+03
1.799002685546875000e+03
1.799002685546875000e+03
1.799002685546875000e+03
1.799002685546875000e+03
1.799002685546875000e+03
1.799002685546875000e+03
1.799002685546875000e+03
1.799002685546875000e+03
1.799002685546875000e+03
1.799002685546875000e+03
1.799002685546875000e+03
1.799002685546875000e+03
1.799002685546875000e+03
1.799002685546875000e+03
1.799002685546875000e+03
1.799002685546875000e+03
1.799002685546875000e+03
1.799002685546875000e+03
1.799002685546875000e+03
1.799002685546875000e+03
1.799002685546875000e+03
1.799002685546875000e+03
1.799002685546875000e+03
1.799002685546875000e+03
1.799002685546875000e+03
1.799002685546875000e+03
1.799002685546875000e+03
1.799002685546875000e+03
1.799002685546875000e+03
1.799002685546875000e+03
1.799002685546875000e+03
1.799002685546875000e+03
1.799002685546875000e+03
1.799002685546875000e+03
1.799002685546875000e+03
1.799002685546875000e+03
1.799002685546875000e+03
1.799002685546875000e+03
1.799002685546875000e+03
1.799002685546875000e+03
1.799002685546875000e+03
1.799002685546875000e+03
1.799002685546875000e+03
1.799002685546875000e+03
1.799002685546875000e+03
1.799002685546875000e+03
1.799002685546875000e+03
1.799002685546875000e+03
1.799002685546875000e+03
1.799002685546875000e+03
1.799002685546875000e+03
1.799002685546875000e+03
1.799002685546875000e+03
1.799002685546875000e+03
1.799002685546875000e+03
1.799002685546875000e+03
1.799002685546875000e+03
1.799002685546875000e+03
1.799002685546875000e+03
1.799002685546875000e+03
1.799002685546875000e+03
1.799002685546875000e+03
1.799002685546875000e+03
1.799002685546875000e+03
1.799002685546875000e+03
1.799002685546875000e+03
1.799002685546875000e+03
1.799002685546875000e+03
1.799002685546875000e+03
1.799002685546875000e+03
1.799002685546875000e+03
1.799002685546875000e+03
1.799002685546875000e+03
1.799002685546875000e+03
1.799002685546875000e+03
1.799002685546875000e+03
1.799002685546875000e+03
1.799002685546875000e+03
1.799002685546875000e+03
1.799002685546875000e+03
1.799002685546875000e+03
1.799002685546875000e+03
1.799002685546875000e+03
1.799002685546875000e+03
1.799002685546875000e+03
1.799002685546875000e+03
1.799002685546875000e+03
1.799002685546875000e+03
1.799002685546875000e+03
1.799002685546875000e+03
1.799002685546875000e+03
1.799002685546875000e+03
1.799002685546875000e+03
1.799002685546875000e+03
1.799002685546875000e+03
1.799002685546875000e+03
1.799002685546875000e+03
1.799002685546875000e+03
1.799002685546875000e+03
1.799002685546875000e+03
1.799002685546875000e+03
1.799002685546875000e+03
1.799002685546875000e+03
1.799002685546875000e+03
1.799002685546875000e+03
1.799002685546875000e+03
1.799002685546875000e+03
1.799002685546875000e+03
1.799002685546875000e+03
1.799002685546875000e+03
1.799002685546875000e+03
1.799002685546875000e+03
1.799002685546875000e+03
1.799002685546875000e+03
1.799002685546875000e+03
1.799002685546875000e+03
1.799002685546875000e+03
1.799002685546875000e+03
1.799002685546875000e+03
1.799002685546875000e+03
1.799002685546875000e+03
1.799002685546875000e+03
1.799002685546875000e+03
1.799002685546875000e+03
1.799002685546875000e+03
1.799002685546875000e+03
1.799002685546875000e+03
1.799002685546875000e+03
1.799002685546875000e+03
1.799002685546875000e+03
1.799002685546875000e+03
1.799002685546875000e+03
1.799002685546875000e+03
1.799002685546875000e+03
1.799002685546875000e+03
1.799002685546875000e+03
1.799002685546875000e+03
1.799002685546875000e+03
1.799002685546875000e+03
1.799002685546875000e+03
1.799002685546875000e+03
1.799002685546875000e+03
1.799002685546875000e+03
1.799002685546875000e+03
1.799002685546875000e+03
1.799002685546875000e+03
1.799002685546875000e+03
1.799002685546875000e+03
1.799002685546875000e+03
1.799002685546875000e+03
1.799002685546875000e+03
1.799002685546875000e+03
1.799002685546875000e+03
1.799002685546875000e+03
1.799002685546875000e+03
1.799002685546875000e+03
1.799002685546875000e+03
1.799002685546875000e+03
1.799002685546875000e+03
1.799002685546875000e+03
1.799002685546875000e+03
1.799002685546875000e+03
1.799002685546875000e+03
1.799002685546875000e+03
1.799002685546875000e+03
1.799002685546875000e+03
1.799002685546875000e+03
1.799002685546875000e+03
1.799002685546875000e+03
1.799002685546875000e+03
1.799002685546875000e+03
1.799002685546875000e+03
1.799002685546875000e+03
1.799002685546875000e+03
1.799002685546875000e+03
1.799002685546875000e+03
1.799002685546875000e+03
1.799002685546875000e+03
1.799002685546875000e+03
1.799002685546875000e+03
1.799002685546875000e+03
1.799002685546875000e+03
1.799002685546875000e+03
1.799002685546875000e+03
1.799002685546875000e+03
1.799002685546875000e+03
1.799002685546875000e+03
1.799002685546875000e+03
1.799002685546875000e+03
1.799002685546875000e+03
1.799002685546875000e+03
1.799002685546875000e+03
1.799002685546875000e+03
1.799002685546875000e+03
1.799002685546875000e+03
1.799002685546875000e+03
1.799002685546875000e+03
1.799002685546875000e+03
1.799002685546875000e+03
1.799002685546875000e+03
1.799002685546875000e+03
1.799002685546875000e+03
1.799002685546875000e+03
1.799002685546875000e+03
1.799002685546875000e+03
1.799002685546875000e+03
1.799002685546875000e+03
1.799002685546875000e+03
1.799002685546875000e+03
1.799002685546875000e+03
1.799002685546875000e+03
1.799002685546875000e+03
1.799002685546875000e+03
1.799002685546875000e+03
1.799002685546875000e+03
1.799002685546875000e+03
1.799002685546875000e+03
1.799002685546875000e+03
1.799002685546875000e+03
1.799002685546875000e+03
1.799002685546875000e+03
1.799002685546875000e+03
1.799002685546875000e+03
1.799002685546875000e+03
1.799002685546875000e+03
1.799002685546875000e+03
1.799002685546875000e+03
1.799002685546875000e+03
1.799002685546875000e+03
1.799002685546875000e+03
1.799002685546875000e+03
1.799002685546875000e+03
1.799002685546875000e+03
1.799002685546875000e+03
1.799002685546875000e+03
1.799002685546875000e+03
1.799002685546875000e+03
1.799002685546875000e+03
1.799002685546875000e+03
1.799002685546875000e+03
1.799002685546875000e+03
1.799002685546875000e+03
1.799002685546875000e+03
1.799002685546875000e+03
1.799002685546875000e+03
1.799002685546875000e+03
1.799002685546875000e+03
1.799002685546875000e+03
1.799002685546875000e+03
1.799002685546875000e+03
1.799002685546875000e+03
1.799002685546875000e+03
1.799002685546875000e+03
1.799002685546875000e+03
1.799002685546875000e+03
1.799002685546875000e+03
1.799002685546875000e+03
1.799002685546875000e+03
1.799002685546875000e+03
1.799002685546875000e+03
1.799002685546875000e+03
1.799002685546875000e+03
1.799002685546875000e+03
1.799002685546875000e+03
1.799002685546875000e+03
1.799002685546875000e+03
1.799002685546875000e+03
1.799002685546875000e+03
1.799002685546875000e+03
1.799002685546875000e+03
1.799002685546875000e+03
1.799002685546875000e+03
1.799002685546875000e+03
1.799002685546875000e+03
1.799002685546875000e+03
1.799002685546875000e+03
1.799002685546875000e+03
1.799002685546875000e+03
1.799002685546875000e+03
1.799002685546875000e+03
1.799002685546875000e+03
1.799002685546875000e+03
1.799002685546875000e+03
1.799002685546875000e+03
1.799002685546875000e+03
1.799002685546875000e+03
1.799002685546875000e+03
1.799002685546875000e+03
1.799002685546875000e+03
1.799002685546875000e+03
1.799002685546875000e+03
1.799002685546875000e+03
1.799002685546875000e+03
1.799002685546875000e+03
1.799002685546875000e+03
1.799002685546875000e+03
1.799002685546875000e+03
1.799002685546875000e+03
1.799002685546875000e+03
1.799002685546875000e+03
1.799002685546875000e+03
1.799002685546875000e+03
1.799002685546875000e+03
1.799002685546875000e+03
1.799002685546875000e+03
1.799002685546875000e+03
1.799002685546875000e+03
1.799002685546875000e+03
1.799002685546875000e+03
1.799002685546875000e+03
1.799002685546875000e+03
1.799002685546875000e+03
1.799002685546875000e+03
1.799002685546875000e+03
1.799002685546875000e+03
1.799002685546875000e+03
1.799002685546875000e+03
1.799002685546875000e+03
1.799002685546875000e+03
1.799002685546875000e+03
1.799002685546875000e+03
1.799002685546875000e+03
1.799002685546875000e+03
1.799002685546875000e+03
1.799002685546875000e+03
1.799002685546875000e+03
1.799002685546875000e+03
1.799002685546875000e+03
1.799002685546875000e+03
1.799002685546875000e+03
1.799002685546875000e+03
1.799002685546875000e+03
1.799002685546875000e+03
1.799002685546875000e+03
1.799002685546875000e+03
1.799002685546875000e+03
1.799002685546875000e+03
1.799002685546875000e+03
1.799002685546875000e+03
1.799002685546875000e+03
1.799002685546875000e+03
1.799002685546875000e+03
1.799002685546875000e+03
1.799002685546875000e+03
1.799002685546875000e+03
1.799002685546875000e+03
1.799002685546875000e+03
1.799002685546875000e+03
1.799002685546875000e+03
1.799002685546875000e+03
1.799002685546875000e+03
1.799002685546875000e+03
1.799002685546875000e+03
1.799002685546875000e+03
1.799002685546875000e+03
1.799002685546875000e+03
1.799002685546875000e+03
1.799002685546875000e+03
1.799002685546875000e+03
1.799002685546875000e+03
1.799002685546875000e+03
1.799002685546875000e+03
1.799002685546875000e+03
1.799002685546875000e+03
1.799002685546875000e+03
1.799002685546875000e+03
1.799002685546875000e+03
1.799002685546875000e+03
1.799002685546875000e+03
1.799002685546875000e+03
1.799002685546875000e+03
1.799002685546875000e+03
1.799002685546875000e+03
1.799002685546875000e+03
1.799002685546875000e+03
1.799002685546875000e+03
1.799002685546875000e+03
1.799002685546875000e+03
1.799002685546875000e+03
1.799002685546875000e+03
1.799002685546875000e+03
1.799002685546875000e+03
1.799002685546875000e+03
1.799002685546875000e+03
1.799002685546875000e+03
1.799002685546875000e+03
1.799002685546875000e+03
1.799002685546875000e+03
1.799002685546875000e+03
1.799002685546875000e+03
1.799002685546875000e+03
1.799002685546875000e+03
1.799002685546875000e+03
1.799002685546875000e+03
1.799002685546875000e+03
1.799002685546875000e+03
1.799002685546875000e+03
1.799002685546875000e+03
1.799002685546875000e+03
1.799002685546875000e+03
1.799002685546875000e+03
1.799002685546875000e+03
1.799002685546875000e+03
1.799002685546875000e+03
1.799002685546875000e+03
1.799002685546875000e+03
1.799002685546875000e+03
1.799002685546875000e+03
1.799002685546875000e+03
1.799002685546875000e+03
1.799002685546875000e+03
1.799002685546875000e+03
1.799002685546875000e+03
1.799002685546875000e+03
1.799002685546875000e+03
