0.000000000000000000e+00
1.317330300807952881e-01
1.718042850494384766e+00
7.134482860565185547e+00
1.825246429443359375e+01
3.548085784912109375e+01
5.750212097167968750e+01
8.155416107177734375e+01
1.040691833496093750e+02
1.214641647338867188e+02
1.308753509521484375e+02
1.306834259033203125e+02
1.207456512451171875e+02
1.023418273925781250e+02
7.790053558349609375e+01
5.059898757934570312e+01
2.391850090026855469e+01
1.213494539260864258e+00
-1.467999458312988281e+01
-2.177844047546386719e+01
-1.920943450927734375e+01
-7.360452651977539062e+00
1.212570762634277344e+01
3.654056167602539062e+01
6.248187255859375000e+01
8.636103820800781250e+01
1.049496612548828125e+02
1.158569030761718750e+02
1.178452529907226562e+02
1.109384613037109375e+02
9.632876586914062500e+01
7.613211059570312500e+01
5.305846023559570312e+01
3.005545997619628906e+01
9.966511726379394531e+00
-4.776218891143798828e+00
-1.241278839111328125e+01
-1.206023120880126953e+01
-3.834780693054199219e+00
1.113371562957763672e+01
3.082483291625976562e+01
5.258850097656250000e+01
7.351991271972656250e+01
9.088124084472656250e+01
1.024966354370117188e+02
1.070405426025390625e+02
1.041759796142578125e+02
9.453395843505859375e+01
7.955997467041015625e+01
6.127543258666992188e+01
4.200062561035156250e+01
2.407934951782226562e+01
9.625628471374511719e+00
3.053531646728515625e-01
-2.839540719985961914e+00
4.896004796028137207e-01
9.799826622009277344e+00
2.385302543640136719e+01
4.081316757202148438e+01
5.848791885375976562e+01
7.463102722167968750e+01
8.725557708740234375e+01
9.489990997314453125e+01
9.680309295654296875e+01
9.296282958984375000e+01
8.408322143554687500e+01
7.143457031250000000e+01
5.666143417358398438e+01
4.157096862792968750e+01
2.792935752868652344e+01
1.727783203125000000e+01
1.078065109252929688e+01
9.107299804687500000e+00
1.236142253875732422e+01
2.006661605834960938e+01
3.121799468994140625e+01
4.440497589111328125e+01
5.799141693115234375e+01
7.033395385742187500e+01
7.999795532226562500e+01
8.593934631347656250e+01
8.762021636962890625e+01
8.504552459716796875e+01
7.872390747070312500e+01
6.956793212890625000e+01
5.875896072387695312e+01
4.759692382812500000e+01
3.735551071166992188e+01
2.915188598632812500e+01
2.384069061279296875e+01
2.193345260620117188e+01
2.355188369750976562e+01
2.841946601867675781e+01
3.589508438110351562e+01
4.505207443237304688e+01
5.479277038574218750e+01
6.398797988891601562e+01
7.161795043945312500e+01
7.689625549316406250e+01
7.935334777832031250e+01
7.887465667724609375e+01
7.568778991699218750e+01
7.030938720703125000e+01
6.346325683593750000e+01
5.598550415039062500e+01
4.872788619995117188e+01
4.247032928466796875e+01
3.784663391113281250e+01
3.528910064697265625e+01
3.499298477172851562e+01
3.690499496459960938e+01
4.073515701293945312e+01
4.599605178833007812e+01
5.206235504150390625e+01
5.824763488769531250e+01
6.388626480102539062e+01
6.841057586669921875e+01
7.141172790527343750e+01
7.267663574218750000e+01
7.219747161865234375e+01
7.015574645996093750e+01
6.688578796386718750e+01
6.282488632202148438e+01
5.845914077758789062e+01
5.426916122436523438e+01
5.068319320678710938e+01
4.803896331787109375e+01
4.655681228637695312e+01
4.632587051391601562e+01
4.730207443237304688e+01
4.932067489624023438e+01
5.211905288696289062e+01
5.537007904052734375e+01
5.872069168090820312e+01
6.183213424682617188e+01
6.441565704345703125e+01
6.626049041748046875e+01
6.725000000000000000e+01
6.736597442626953125e+01
6.668080902099609375e+01
6.534090423583984375e+01
6.354350280761718750e+01
6.151175689697265625e+01
5.947006225585937500e+01
5.762170410156250000e+01
5.613224411010742188e+01
5.511700439453125000e+01
5.463537216186523438e+01
5.469003677368164062e+01
5.523186874389648438e+01
5.616944885253906250e+01
5.738172531127929688e+01
5.873271942138671875e+01
6.008640289306640625e+01
6.132050704956054688e+01
6.233706283569335938e+01
6.306953430175781250e+01
6.348581695556640625e+01
6.358657073974609375e+01
6.340130996704101562e+01
6.298147201538085938e+01
6.239226150512695312e+01
6.170473480224609375e+01
6.098870849609375000e+01
6.030628204345703125e+01
5.970811462402343750e+01
5.923018646240234375e+01
5.889366912841796875e+01
5.870485305786132812e+01
5.865719223022460938e+01
5.873378372192382812e+01
5.891026687622070312e+01
5.915836715698242188e+01
5.944823837280273438e+01
5.975143432617187500e+01
6.004242324829101562e+01
6.030014038085937500e+01
6.050831985473632812e+01
6.065579605102539062e+01
6.073578643798828125e+01
6.074586105346679688e+01
6.068693542480468750e+01
6.056296157836914062e+01
6.038023376464843750e+01
6.014710998535156250e+01
5.987378311157226562e+01
5.957190704345703125e+01
5.925401687622070312e+01
5.893341064453125000e+01
5.862333679199218750e+01
5.833618164062500000e+01
5.808272552490234375e+01
5.787147903442382812e+01
5.770755767822265625e+01
5.759262084960937500e+01
5.752425003051757812e+01
5.749615478515625000e+01
5.749869537353515625e+01
5.751945495605468750e+01
5.754419708251953125e+01
5.755812835693359375e+01
5.754726791381835938e+01
5.749935531616210938e+01
5.740507125854492188e+01
5.725886917114257812e+01
5.705924224853515625e+01
5.680885696411132812e+01
5.651428985595703125e+01
5.618538665771484375e+01
5.583412170410156250e+01
5.547364807128906250e+01
5.511705398559570312e+01
5.477612304687500000e+01
5.446028900146484375e+01
5.417599868774414062e+01
5.392619705200195312e+01
5.371018981933593750e+01
5.352396392822265625e+01
5.336066436767578125e+01
5.321144104003906250e+01
5.306632614135742188e+01
5.291524887084960938e+01
5.274894332885742188e+01
5.255971145629882812e+01
5.234204101562500000e+01
5.209306335449218750e+01
5.181245422363281250e+01
5.150251007080078125e+01
5.116744995117187500e+01
5.081325531005859375e+01
5.044672775268554688e+01
5.007493591308593750e+01
4.970446014404296875e+01
4.934091567993164062e+01
4.898851013183593750e+01
4.864970779418945312e+01
4.832523345947265625e+01
4.801416778564453125e+01
4.771411895751953125e+01
4.742156982421875000e+01
4.713245773315429688e+01
4.684242248535156250e+01
4.654735946655273438e+01
4.624374389648437500e+01
4.592889404296875000e+01
4.560118103027343750e+01
4.526002120971679688e+01
4.490593338012695312e+01
4.454031372070312500e+01
4.416523361206054688e+01
4.378321838378906250e+01
4.339690780639648438e+01
4.300895309448242188e+01
4.262160873413085938e+01
4.223665618896484375e+01
4.185533905029296875e+01
4.147821807861328125e+01
4.110526275634765625e+01
4.073598098754882812e+01
4.036940383911132812e+01
4.000432586669921875e+01
3.963944244384765625e+01
3.927347946166992188e+01
3.890531539916992188e+01
3.853410339355468750e+01
3.815928268432617188e+01
3.778065490722656250e+01
3.739834976196289062e+01
3.701277923583984375e+01
3.662457275390625000e+01
3.623450851440429688e+01
3.584344482421875000e+01
3.545220947265625000e+01
3.506155014038085938e+01
3.467210006713867188e+01
3.428432846069335938e+01
3.389852142333984375e+01
3.351480484008789062e+01
3.313315582275390625e+01
3.275339889526367188e+01
3.237531280517578125e+01
3.199861907958984375e+01
3.162302780151367188e+01
3.124833106994628906e+01
3.087433815002441406e+01
3.050095176696777344e+01
3.012817573547363281e+01
2.975606727600097656e+01
2.938476562500000000e+01
2.901447868347167969e+01
2.864544677734375000e+01
2.827792358398437500e+01
2.791217994689941406e+01
2.754843711853027344e+01
2.718689918518066406e+01
2.682774353027343750e+01
2.647107887268066406e+01
2.611697578430175781e+01
2.576549339294433594e+01
2.541662025451660156e+01
2.507033729553222656e+01
2.472662925720214844e+01
2.438545608520507812e+01
2.404679489135742188e+01
2.371064567565917969e+01
2.337699890136718750e+01
2.304587936401367188e+01
2.271731567382812500e+01
2.239137077331542969e+01
2.206810569763183594e+01
2.174758911132812500e+01
2.142989921569824219e+01
2.111509895324707031e+01
2.080326843261718750e+01
2.049445152282714844e+01
2.018869972229003906e+01
1.988605308532714844e+01
1.958653068542480469e+01
1.929013633728027344e+01
1.899687767028808594e+01
1.870675468444824219e+01
1.841977691650390625e+01
1.813593292236328125e+01
1.785520362854003906e+01
1.757759284973144531e+01
1.730311393737792969e+01
1.703174018859863281e+01
1.676348686218261719e+01
1.649835586547851562e+01
1.623635482788085938e+01
1.597749042510986328e+01
1.572177600860595703e+01
1.546920490264892578e+01
1.521977519989013672e+01
1.497350120544433594e+01
1.473037147521972656e+01
1.449037170410156250e+01
1.425349426269531250e+01
1.401973056793212891e+01
1.378906345367431641e+01
1.356147575378417969e+01
1.333694648742675781e+01
1.311546134948730469e+01
1.289699745178222656e+01
1.268153953552246094e+01
1.246906375885009766e+01
1.225954246520996094e+01
1.205297279357910156e+01
1.184932422637939453e+01
1.164857769012451172e+01
1.145070838928222656e+01
1.125570201873779297e+01
1.106353950500488281e+01
1.087419891357421875e+01
1.068766117095947266e+01
1.050389671325683594e+01
1.032287883758544922e+01
1.014458084106445312e+01
9.968974113464355469e+00
9.796038627624511719e+00
9.625740051269531250e+00
9.458053588867187500e+00
9.292947769165039062e+00
9.130397796630859375e+00
8.970380783081054688e+00
8.812873840332031250e+00
8.657843589782714844e+00
8.505262374877929688e+00
8.355101585388183594e+00
8.207336425781250000e+00
8.061936378479003906e+00
7.918880939483642578e+00
7.778126716613769531e+00
7.639650821685791016e+00
7.503432273864746094e+00
7.369430065155029297e+00
7.237619400024414062e+00
7.107975959777832031e+00
6.980472564697265625e+00
6.855076789855957031e+00
6.731766223907470703e+00
6.610509872436523438e+00
6.491277217864990234e+00
6.374045372009277344e+00
6.258779048919677734e+00
6.145463943481445312e+00
6.034061431884765625e+00
5.924548625946044922e+00
5.816893100738525391e+00
5.711078166961669922e+00
5.607068538665771484e+00
5.504841804504394531e+00
5.404375553131103516e+00
5.305643081665039062e+00
5.208620071411132812e+00
5.113274574279785156e+00
5.019580841064453125e+00
4.927517890930175781e+00
4.837060928344726562e+00
4.748183250427246094e+00
4.660863399505615234e+00
4.575071334838867188e+00
4.490786075592041016e+00
4.407989501953125000e+00
4.326654911041259766e+00
4.246761322021484375e+00
4.168285846710205078e+00
4.091201305389404297e+00
4.015487670898437500e+00
3.941121101379394531e+00
3.868087530136108398e+00
3.796353101730346680e+00
3.725906610488891602e+00
3.656720638275146484e+00
3.588778734207153320e+00
3.522061109542846680e+00
3.456546068191528320e+00
3.392210960388183594e+00
3.329035997390747070e+00
3.267004013061523438e+00
3.206096410751342773e+00
3.146293878555297852e+00
3.087574005126953125e+00
3.029921293258666992e+00
2.973321914672851562e+00
2.917757272720336914e+00
2.863205671310424805e+00
2.809650897979736328e+00
2.757076978683471680e+00
2.705459594726562500e+00
2.654793024063110352e+00
2.605055093765258789e+00
2.556231498718261719e+00
2.508305311203002930e+00
2.461258172988891602e+00
2.415079355239868164e+00
2.369758844375610352e+00
2.325271129608154297e+00
2.281603813171386719e+00
2.238749027252197266e+00
2.196691989898681641e+00
2.155407667160034180e+00
2.114891767501831055e+00
2.075129270553588867e+00
2.036110639572143555e+00
1.997816443443298340e+00
1.960233926773071289e+00
1.923348784446716309e+00
1.887152433395385742e+00
1.851633667945861816e+00
1.816775679588317871e+00
1.782569169998168945e+00
1.749001860618591309e+00
1.716059565544128418e+00
1.683737277984619141e+00
1.652026057243347168e+00
1.620907545089721680e+00
1.590371727943420410e+00
1.560407876968383789e+00
1.531009912490844727e+00
1.502160072326660156e+00
1.473853707313537598e+00
1.446080327033996582e+00
1.418831586837768555e+00
1.392098665237426758e+00
1.365866661071777344e+00
1.340128421783447266e+00
1.314875602722167969e+00
1.290096640586853027e+00
1.265787720680236816e+00
1.241939425468444824e+00
1.218540430068969727e+00
1.195586442947387695e+00
1.173066377639770508e+00
1.150967955589294434e+00
1.129290103912353516e+00
1.108018755912780762e+00
1.087149858474731445e+00
1.066681027412414551e+00
1.046600341796875000e+00
1.026897788047790527e+00
1.007571339607238770e+00
9.886133670806884766e-01
9.700196385383605957e-01
9.517744183540344238e-01
9.338820576667785645e-01
9.163277149200439453e-01
8.991017341613769531e-01
8.822081089019775391e-01
8.656288385391235352e-01
8.493687510490417480e-01
8.334172964096069336e-01
8.177778720855712891e-01
8.024340867996215820e-01
7.873820662498474121e-01
7.726163268089294434e-01
7.581316828727722168e-01
7.439268827438354492e-01
7.299902439117431641e-01
7.163222432136535645e-01
7.029191851615905762e-01
6.897704601287841797e-01
6.768716573715209961e-01
6.642168760299682617e-01
6.518009305000305176e-01
6.396215558052062988e-01
6.276793479919433594e-01
6.159695386886596680e-01
6.044817566871643066e-01
5.932134985923767090e-01
5.821548700332641602e-01
5.713131427764892578e-01
5.606815218925476074e-01
5.502548813819885254e-01
5.400264263153076172e-01
5.299867391586303711e-01
5.201477408409118652e-01
5.104951262474060059e-01
5.010222792625427246e-01
4.917282462120056152e-01
4.826193451881408691e-01
4.736845493316650391e-01
4.649203121662139893e-01
4.563243687152862549e-01
4.478944242000579834e-01
4.396263957023620605e-01
4.315152168273925781e-01
4.235607683658599854e-01
4.157623946666717529e-01
4.081065654754638672e-01
4.006007015705108643e-01
3.932400643825531006e-01
3.860203623771667480e-01
3.789408802986145020e-01
3.719984889030456543e-01
3.651888668537139893e-01
3.585058450698852539e-01
3.519561886787414551e-01
3.455288112163543701e-01
3.392323255538940430e-01
3.330516815185546875e-01
3.269909620285034180e-01
3.210477530956268311e-01
3.152163326740264893e-01
3.094959855079650879e-01
3.038906455039978027e-01
2.983916103839874268e-01
2.929940223693847656e-01
2.877012789249420166e-01
2.825095355510711670e-01
2.774224579334259033e-01
2.724296748638153076e-01
2.675361633300781250e-01
2.627392113208770752e-01
2.580352723598480225e-01
2.534189522266387939e-01
2.488918602466583252e-01
2.444478422403335571e-01
2.400892674922943115e-01
2.358162552118301392e-01
2.316226214170455933e-01
2.275113612413406372e-01
2.234800159931182861e-01
2.195277214050292969e-01
2.156541198492050171e-01
2.118593007326126099e-01
2.081340551376342773e-01
2.044753134250640869e-01
2.008908390998840332e-01
1.973676979541778564e-01
1.939185708761215210e-01
1.905374675989151001e-01
1.872203201055526733e-01
1.839690804481506348e-01
1.807805299758911133e-01
1.776506155729293823e-01
1.745823621749877930e-01
1.715740114450454712e-01
1.686204075813293457e-01
1.657274365425109863e-01
1.628934293985366821e-01
1.601104885339736938e-01
1.573823541402816772e-01
1.547044068574905396e-01
1.520799696445465088e-01
1.495064347982406616e-01
1.469836980104446411e-01
1.445140540599822998e-01
1.420852541923522949e-01
1.397013217210769653e-01
1.373684555292129517e-01
1.350791901350021362e-01
1.328296065330505371e-01
1.306270211935043335e-01
1.284698247909545898e-01
1.263524144887924194e-01
1.242741048336029053e-01
1.222371086478233337e-01
1.202373802661895752e-01
1.182769685983657837e-01
1.163560077548027039e-01
1.144674271345138550e-01
1.126158460974693298e-01
1.108025386929512024e-01
1.090251207351684570e-01
1.072901114821434021e-01
1.055794358253479004e-01
1.039046421647071838e-01
1.022622883319854736e-01
1.006518825888633728e-01
9.907099604606628418e-02
9.751729667186737061e-02
9.599417448043823242e-02
9.449803084135055542e-02
9.303066134452819824e-02
9.159444272518157959e-02
9.018429368734359741e-02
8.880214393138885498e-02
8.745169639587402344e-02
8.612526208162307739e-02
8.482636511325836182e-02
8.355469256639480591e-02
8.230628818273544312e-02
8.108311146497726440e-02
7.989054918289184570e-02
7.871766388416290283e-02
7.756291329860687256e-02
7.642979174852371216e-02
7.531544566154479980e-02
7.422544807195663452e-02
7.315148413181304932e-02
7.210376113653182983e-02
7.107282429933547974e-02
7.006242126226425171e-02
6.907422840595245361e-02
6.810852885246276855e-02
6.715697050094604492e-02
6.622423231601715088e-02
6.530655175447463989e-02
6.440725922584533691e-02
6.352410465478897095e-02
6.265815347433090210e-02
6.181004643440246582e-02
6.097732484340667725e-02
6.016433984041213989e-02
5.936533585190773010e-02
5.858077853918075562e-02
5.781593173742294312e-02
5.706178396940231323e-02
5.632347613573074341e-02
5.559543147683143616e-02
5.488336086273193359e-02
5.418320745229721069e-02
5.349821597337722778e-02
5.282522365450859070e-02
5.216905474662780762e-02
5.152506008744239807e-02
5.089180916547775269e-02
5.027156323194503784e-02
4.966385290026664734e-02
4.906759411096572876e-02
4.848738759756088257e-02
4.792323708534240723e-02
4.736983403563499451e-02
4.682198166847229004e-02
4.628447815775871277e-02
4.576179012656211853e-02
4.524285718798637390e-02
4.473305121064186096e-02
4.423395544290542603e-02
4.374098032712936401e-02
4.325359687209129333e-02
4.277697950601577759e-02
4.230807349085807800e-02
4.185581952333450317e-02
4.140937328338623047e-02
4.097460582852363586e-02
4.055340588092803955e-02
4.013549908995628357e-02
3.972832486033439636e-02
3.932715207338333130e-02
3.893290460109710693e-02
3.854387998580932617e-02
3.815896436572074890e-02
3.778261318802833557e-02
3.741660714149475098e-02
3.705545514822006226e-02
3.670195490121841431e-02
3.635599091649055481e-02
3.601981326937675476e-02
3.568520024418830872e-02
3.535575047135353088e-02
3.503239527344703674e-02
3.471899032592773438e-02
3.440906479954719543e-02
3.410260006785392761e-02
3.381162881851196289e-02
3.352731093764305115e-02
3.324485942721366882e-02
3.296363726258277893e-02
3.268586099147796631e-02
3.241744264960289001e-02
3.215137124061584473e-02
3.189198672771453857e-02
3.163784742355346680e-02
3.138560056686401367e-02
3.114189021289348602e-02
3.090448118746280670e-02
3.066812269389629364e-02
3.043719567358493805e-02
3.021379932761192322e-02
2.999489381909370422e-02
2.977810613811016083e-02
2.956996485590934753e-02
2.936475910246372223e-02
2.915959060192108154e-02
2.895695343613624573e-02
2.876019291579723358e-02
2.856524661183357239e-02
2.837293036282062531e-02
2.818568237125873566e-02
2.800027467310428619e-02
2.781749702990055084e-02
2.763798832893371582e-02
2.746476978063583374e-02
2.729815617203712463e-02
2.713573537766933441e-02
2.697843872010707855e-02
2.682891488075256348e-02
2.668271586298942566e-02
2.653513103723526001e-02
2.638525515794754028e-02
2.623748779296875000e-02
2.609294466674327850e-02
2.595227397978305817e-02
2.581702172756195068e-02
2.568339556455612183e-02
2.554821409285068512e-02
2.541584335267543793e-02
2.528499811887741089e-02
2.515392005443572998e-02
2.502318657934665680e-02
2.489799447357654572e-02
2.477547898888587952e-02
2.465895563364028931e-02
2.454901486635208130e-02
2.444123290479183197e-02
2.434085123240947723e-02
2.423953637480735779e-02
2.414098568260669708e-02
2.404271997511386871e-02
2.394065819680690765e-02
2.383907139301300049e-02
2.373980730772018433e-02
2.364164590835571289e-02
2.354227751493453979e-02
2.344787120819091797e-02
2.335699461400508881e-02
2.326752245426177979e-02
2.318248897790908813e-02
2.309743501245975494e-02
2.301834896206855774e-02
2.294345200061798096e-02
2.286566607654094696e-02
2.279365994036197662e-02
2.272385172545909882e-02
2.265369519591331482e-02
2.258314564824104309e-02
2.251217141747474670e-02
2.244042232632637024e-02
2.236689627170562744e-02
2.229349501430988312e-02
2.222217060625553131e-02
2.215076051652431488e-02
2.208370342850685120e-02
2.202189527451992035e-02
2.195910550653934479e-02
2.189670130610466003e-02
2.183755487203598022e-02
2.178038470447063446e-02
2.172322198748588562e-02
2.166895754635334015e-02
2.161297947168350220e-02
2.155851013958454132e-02
2.150773629546165466e-02
2.145919762551784515e-02
2.141428366303443909e-02
2.136822603642940521e-02
2.132218889892101288e-02
2.127641439437866211e-02
2.123320661485195160e-02
2.119129151105880737e-02
2.114242129027843475e-02
2.109538018703460693e-02
2.105049788951873779e-02
2.100498974323272705e-02
2.095609344542026520e-02
2.090540528297424316e-02
2.085349708795547485e-02
2.080618776381015778e-02
2.076325938105583191e-02
2.072272077202796936e-02
2.068357728421688080e-02
2.064966224133968353e-02
2.061696909368038177e-02
2.059179171919822693e-02
2.056564949452877045e-02
2.054577693343162537e-02
2.052221260964870453e-02
2.049960382282733917e-02
2.047447673976421356e-02
2.044889703392982483e-02
2.042425796389579773e-02
2.039789967238903046e-02
2.037315256893634796e-02
2.035024762153625488e-02
2.032122388482093811e-02
2.029445581138134003e-02
2.026992850005626678e-02
2.024600841104984283e-02
2.021866478025913239e-02
2.019600942730903625e-02
2.017374709248542786e-02
2.015467546880245209e-02
2.013517171144485474e-02
2.011231705546379089e-02
2.008805423974990845e-02
2.006053552031517029e-02
2.003173157572746277e-02
2.000331692397594452e-02
1.997574418783187866e-02
1.995304040610790253e-02
1.992771960794925690e-02
1.990501210093498230e-02
1.988505013287067413e-02
1.986430957913398743e-02
1.984442956745624542e-02
1.982217840850353241e-02
1.980364136397838593e-02
1.978157460689544678e-02
1.975689455866813660e-02
1.973233558237552643e-02
1.970969140529632568e-02
1.968732289969921112e-02
1.966226287186145782e-02
1.963739283382892609e-02
1.961333490908145905e-02
1.959085278213024139e-02
1.956401392817497253e-02
1.954176276922225952e-02
1.951628178358078003e-02
1.949351653456687927e-02
1.947383582592010498e-02
1.946030743420124054e-02
1.944435015320777893e-02
1.943098567426204681e-02
1.941608265042304993e-02
1.940623670816421509e-02
1.939578354358673096e-02
1.938861981034278870e-02
1.938399672508239746e-02
1.937854662537574768e-02
1.937598921358585358e-02
1.937510073184967041e-02
1.937737874686717987e-02
1.938029378652572632e-02
1.938618719577789307e-02
1.938924007117748260e-02
1.939459517598152161e-02
1.939578913152217865e-02
1.939804665744304657e-02
1.939933374524116516e-02
1.939671486616134644e-02
1.939524523913860321e-02
1.939652860164642334e-02
1.939732022583484650e-02
1.939572021365165710e-02
1.939624361693859100e-02
1.939013414084911346e-02
1.938519254326820374e-02
1.938538812100887299e-02
1.938359439373016357e-02
1.938709802925586700e-02
1.938992924988269806e-02
1.939262822270393372e-02
1.939192041754722595e-02
1.938963867723941803e-02
1.938479766249656677e-02
1.938088610768318176e-02
1.938596926629543304e-02
1.939073391258716583e-02
1.939276047050952911e-02
1.939450763165950775e-02
1.939461752772331238e-02
1.939352601766586304e-02
1.939199119806289673e-02
1.938669197261333466e-02
1.938412338495254517e-02
1.938033849000930786e-02
1.937965117394924164e-02
1.937920972704887390e-02
1.938109472393989563e-02
1.938039064407348633e-02
1.938206143677234650e-02
1.938406750559806824e-02
1.939146034419536591e-02
1.939806528389453888e-02
1.940328069031238556e-02
1.940749213099479675e-02
1.940982043743133545e-02
1.940869353711605072e-02
1.940529420971870422e-02
1.939793676137924194e-02
1.939146034419536591e-02
1.938622631132602692e-02
1.938381604850292206e-02
1.938004978001117706e-02
1.938054524362087250e-02
1.938041299581527710e-02
1.938031241297721863e-02
1.937724277377128601e-02
1.937542296946048737e-02
1.937812380492687225e-02
1.938491314649581909e-02
1.939222402870655060e-02
1.939448900520801544e-02
1.939696259796619415e-02
1.939594745635986328e-02
1.939930766820907593e-02
1.939730904996395111e-02
1.939321123063564301e-02
1.938766799867153168e-02
1.938500441610813141e-02
1.938103884458541870e-02
1.938030868768692017e-02
1.938130520284175873e-02
1.938290148973464966e-02
1.938629709184169769e-02
1.938746124505996704e-02
1.939180493354797363e-02
1.939778961241245270e-02
1.939726434648036957e-02
1.939748227596282959e-02
1.939765177667140961e-02
1.939520053565502167e-02
1.938926987349987030e-02
1.938447356224060059e-02
1.938307657837867737e-02
1.938418298959732056e-02
1.938325911760330200e-02
1.938904449343681335e-02
1.939371973276138306e-02
1.939396187663078308e-02
1.939298026263713837e-02
1.939623802900314331e-02
1.939768902957439423e-02
1.939715445041656494e-02
1.939907111227512360e-02
1.939289644360542297e-02
1.938738115131855011e-02
1.938292384147644043e-02
1.938049867749214172e-02
1.937736943364143372e-02
1.937550306320190430e-02
1.937816664576530457e-02
1.938021555542945862e-02
1.938369870185852051e-02
1.938940770924091339e-02
1.939390972256660461e-02
1.939360052347183228e-02
1.939245313405990601e-02
1.939176395535469055e-02
1.939120702445507050e-02
1.939181052148342133e-02
1.939124055206775665e-02
1.939066872000694275e-02
1.939161308109760284e-02
1.938636973500251770e-02
1.938213407993316650e-02
1.937871240079402924e-02
1.938014291226863861e-02
1.938141696155071259e-02
1.938220672309398651e-02
1.938415691256523132e-02
1.938692666590213776e-02
1.938732527196407318e-02
1.938699558377265930e-02
1.938567496836185455e-02
1.938161067664623260e-02
1.938198320567607880e-02
1.938805542886257172e-02
1.938890852034091949e-02
1.939365267753601074e-02
1.939395256340503693e-02
1.939483731985092163e-02
1.939125545322895050e-02
1.939213089644908905e-02
1.938919350504875183e-02
1.938850991427898407e-02
1.938390359282493591e-02
